RADAR SCHEDULER BASELINE COMPARISON REPORT
=================================================================
Problem: N=10 radars, K=2044 boundary points, M=24 time slots
Input files: c_matrix.json, radar_meta.json, radar_type_config.json


  Metric                         B1 Always-ON   B2 Random (mean±std)      B3 Greedy   CSP (proposed)
  ──────────────────────────── ────────────── ────────────────────── ────────────── ────────────────
  Total ON-slots                          240                  240±0            180              180
  Total void (pt×slot)                  34800                34800±0          38364            38358
  Void density (%)                     70.94%            70.94±0.00%         78.20%           78.19%
  Pts covered (any slot)                  594                  594±0            594              594
  Coverage % (any slot)                29.06%            29.06±0.00%         29.06%           29.06%
  Avg slot coverage (%)                29.06%            29.06±0.00%         21.80%           21.81%
  Total overlap                            24                   24±0             18               12
  Overlap density                      0.0005          0.0005±0.0000         0.0004           0.0002
  Energy violations                         0                    0±0              0                0
  Cooling violations                       10                   10±0              0                0

  CSP phase run  : 1 (1=min-void, 2=min-overlap)
  CSP status     : OPTIMAL

  B2 trials      : 50  (seeds 0–49)
  B3 runtime     : 0.074s
  B1 runtime     : 0.0394s

  Improvement of CSP over baselines (void_pct)
    vs B1 Always-ON  : CSP void_pct is -7.25pp  (-10.2% relative reduction)
    vs B2 Random     : CSP void_pct is -7.25pp  (-10.2% relative reduction)
    vs B3 Greedy     : CSP void_pct is +0.01pp  (+0.0% relative reduction)

RAW PER-RADAR SCHEDULE DETAILS
─────────────────────────────────────────────────────────────────

B1_always_on:
                     0  1  2  3  4  5  6  7  8  9 10 11 12 13 14 15 16 17 18 19 20 21 22 23
  R01_med        [24/24]  1  1  1  1  1  1  1  1  1  1  1  1  1  1  1  1  1  1  1  1  1  1  1  1
  R02_med        [24/24]  1  1  1  1  1  1  1  1  1  1  1  1  1  1  1  1  1  1  1  1  1  1  1  1
  R03_small      [24/24]  1  1  1  1  1  1  1  1  1  1  1  1  1  1  1  1  1  1  1  1  1  1  1  1
  R04_med        [24/24]  1  1  1  1  1  1  1  1  1  1  1  1  1  1  1  1  1  1  1  1  1  1  1  1
  R05_small      [24/24]  1  1  1  1  1  1  1  1  1  1  1  1  1  1  1  1  1  1  1  1  1  1  1  1
  R06_small      [24/24]  1  1  1  1  1  1  1  1  1  1  1  1  1  1  1  1  1  1  1  1  1  1  1  1
  R07_small      [24/24]  1  1  1  1  1  1  1  1  1  1  1  1  1  1  1  1  1  1  1  1  1  1  1  1
  R08_med        [24/24]  1  1  1  1  1  1  1  1  1  1  1  1  1  1  1  1  1  1  1  1  1  1  1  1
  R09_small      [24/24]  1  1  1  1  1  1  1  1  1  1  1  1  1  1  1  1  1  1  1  1  1  1  1  1
  R10_med        [24/24]  1  1  1  1  1  1  1  1  1  1  1  1  1  1  1  1  1  1  1  1  1  1  1  1

B2_random_best:
                     0  1  2  3  4  5  6  7  8  9 10 11 12 13 14 15 16 17 18 19 20 21 22 23
  R01_med        [24/24]  1  1  1  1  1  1  1  1  1  1  1  1  1  1  1  1  1  1  1  1  1  1  1  1
  R02_med        [24/24]  1  1  1  1  1  1  1  1  1  1  1  1  1  1  1  1  1  1  1  1  1  1  1  1
  R03_small      [24/24]  1  1  1  1  1  1  1  1  1  1  1  1  1  1  1  1  1  1  1  1  1  1  1  1
  R04_med        [24/24]  1  1  1  1  1  1  1  1  1  1  1  1  1  1  1  1  1  1  1  1  1  1  1  1
  R05_small      [24/24]  1  1  1  1  1  1  1  1  1  1  1  1  1  1  1  1  1  1  1  1  1  1  1  1
  R06_small      [24/24]  1  1  1  1  1  1  1  1  1  1  1  1  1  1  1  1  1  1  1  1  1  1  1  1
  R07_small      [24/24]  1  1  1  1  1  1  1  1  1  1  1  1  1  1  1  1  1  1  1  1  1  1  1  1
  R08_med        [24/24]  1  1  1  1  1  1  1  1  1  1  1  1  1  1  1  1  1  1  1  1  1  1  1  1
  R09_small      [24/24]  1  1  1  1  1  1  1  1  1  1  1  1  1  1  1  1  1  1  1  1  1  1  1  1
  R10_med        [24/24]  1  1  1  1  1  1  1  1  1  1  1  1  1  1  1  1  1  1  1  1  1  1  1  1

B3_greedy:
                     0  1  2  3  4  5  6  7  8  9 10 11 12 13 14 15 16 17 18 19 20 21 22 23
  R01_med        [18/24]  1  1  1  1  1  0  0  1  1  1  1  1  0  0  1  1  1  1  1  0  0  1  1  1
  R02_med        [18/24]  1  1  1  1  1  0  0  1  1  1  1  1  0  0  1  1  1  1  1  0  0  1  1  1
  R03_small      [18/24]  1  1  1  1  1  0  0  1  1  1  1  1  0  0  1  1  1  1  1  0  0  1  1  1
  R04_med        [18/24]  1  1  1  1  1  0  0  1  1  1  1  1  0  0  1  1  1  1  1  0  0  1  1  1
  R05_small      [18/24]  1  1  1  1  1  0  0  1  1  1  1  1  0  0  1  1  1  1  1  0  0  1  1  1
  R06_small      [18/24]  1  1  1  1  1  0  0  1  1  1  1  1  0  0  1  1  1  1  1  0  0  1  1  1
  R07_small      [18/24]  1  1  1  1  1  0  0  1  1  1  1  1  0  0  1  1  1  1  1  0  0  1  1  1
  R08_med        [18/24]  1  1  1  1  1  0  0  1  1  1  1  1  0  0  1  1  1  1  1  0  0  1  1  1
  R09_small      [18/24]  1  1  1  1  1  0  0  1  1  1  1  1  0  0  1  1  1  1  1  0  0  1  1  1
  R10_med        [18/24]  1  1  1  1  1  0  0  1  1  1  1  1  0  0  1  1  1  1  1  0  0  1  1  1

CSP_scheduler:
                     0  1  2  3  4  5  6  7  8  9 10 11 12 13 14 15 16 17 18 19 20 21 22 23
  R01_med        [18/24]  1  1  1  1  1  0  0  1  1  1  0  1  0  1  1  1  1  0  0  1  1  1  1  1
  R02_med        [18/24]  1  1  1  1  1  0  0  1  1  1  0  1  0  1  1  1  1  0  0  1  1  1  1  1
  R03_small      [18/24]  1  1  1  1  1  0  0  1  1  1  0  1  0  1  1  1  1  0  0  1  1  1  1  1
  R04_med        [18/24]  1  1  1  1  1  0  0  1  1  1  0  1  0  1  1  1  1  0  0  1  1  1  1  1
  R05_small      [18/24]  1  1  1  1  1  0  0  1  1  1  1  1  0  0  1  1  1  1  1  0  0  1  1  1
  R06_small      [18/24]  1  1  1  0  0  1  1  1  1  1  0  0  1  1  1  1  1  0  0  1  1  1  1  1
  R07_small      [18/24]  1  1  1  1  1  0  0  1  1  1  1  1  0  0  1  1  1  1  1  0  0  1  1  1
  R08_med        [18/24]  1  1  1  0  0  1  1  1  1  1  0  0  1  1  1  1  1  0  0  1  1  1  1  1
  R09_small      [18/24]  1  1  1  1  1  0  0  1  1  1  0  1  0  1  1  1  1  0  0  1  1  1  1  1
  R10_med        [18/24]  1  1  1  1  1  0  0  1  1  1  1  1  0  0  1  1  1  1  1  0  0  1  1  1
